2.314754
4.765974
2.47901
2.383869
2.49631
2.503639
12.28272
4.4051
2.92336
16.98295
4.136618
3.06342
2.436905
8.883622
3.832407
2.744704
4.297167
2.141323
3.527039
4.280385
2.129718
2.681245
3.210393
2.3675
2.153225
2.263716
5.438282
2.348649
3.036117
3.882068
3.055996
7.828417
3.101112
3.172168
3.554088
8.502382
3.726504
23.50754
7.847186
2.509815
2.598329
3.446603
3.114034
2.228785
2.499463
22.60909
4.824457
4.830157
3.344815
12.48086
2.135293
4.930837
2.21166
3.426287
2.207598
2.74574
10.27808
3.281611
18.67467
2.856826
2.723476
9.045243
41.10801
2.495137
2.315104
2.227594
6.711068
2.0263
2.367849
2.304017
15.11967
2.031608
4.171477
6.103071
2.015108
2.496794
2.373005
2.250974
25.06189
2.612333
2.31737
2.41945
10.44605
3.440712
9.244726
3.215478
42.89739
4.027205
2.092626
3.502488
11.38503
4.093636
2.198924
2.481112
6.935661
2.670938
4.990478
3.736584
2.532323
4.448783
2.140265
2.749298
2.461696
3.056158
3.590791
2.544808
3.819118
4.499681
5.358499
5.00516
2.074651
5.972861
2.962509
2.40171
2.356615
2.922608
4.883291
21.55953
4.437746
6.517927
2.632202
3.514391
6.751593
2.291692
20.19202
12.63741
8.608045
4.29966
11.7209
2.347152
3.031303
2.818678
5.088084
2.071805
3.149169
7.011152
2.771165
2.348301
4.358485
2.158592
2.367068
2.627931
2.043535
2.082552
2.275024
